0.0
112.0
206.0
283.0
409.0
501.0
612.0
706.0
800.0
892.0
1017.0
1110.0
1189.0
1313.0
1406.0
1484.0
1609.0
1688.0
1812.0
1890.0
2015.0
2107.0
2201.0
2294.0
2421.0
2515.0
2609.0
2704.0
2813.0
2907.0
3001.0
3095.0
3220.0
3315.0
3393.0
3516.0
3595.0
3719.0
3797.0
3921.0
4015.0
4092.0
4216.0
4310.0
4404.0
4513.0
4605.0
4718.0
4810.0
4903.0
4996.0
5120.0
5214.0
5306.0
5400.0
5477.0
5618.0
5697.0
5776.0
5916.0
6008.0
6102.0
6196.0
6320.0
6414.0
6508.0
6601.0
6712.0
6805.0
6915.0
6992.0
7118.0
7197.0
7276.0
7416.0
7509.0
7603.0
7713.0
7776.0
7917.0
8011.0
8105.0
8199.0
8311.0
8404.0
8498.0
8622.0
8701.0
8794.0
8918.0
9057.0
9104.0
9201.0
9324.0
9401.0
9493.0
9620.0
9712.0
9822.0
9899.0
10009.0
10088.0
10215.0
10291.0
10416.0
10492.0
10618.0
10712.0
10806.0
10898.0
11023.0
11117.0
11212.0
11322.0
11399.0
11509.0
11619.0
11698.0
11822.0
11917.0
11996.0
12106.0
12203.0
12309.0
12388.0
12512.0
12606.0
12684.0
12811.0
12904.0
12998.0
13122.0
13217.0
13310.0
13402.0
13513.0
13607.0
13717.0
13811.0
13904.0
13999.0
14109.0
14219.0
14283.0
14422.0
14517.0
14609.0
14702.0
14795.0
14919.0
15000.0
15110.0
15220.0
15314.0
15392.0
15517.0
15596.0
15721.0
15805.0
15892.0
16002.0
16121.0
16201.0
16302.0
16419.0
16490.0
16617.0
16693.0
51679.0
51818.0
51896.0
52020.0
52113.0
52207.0
52300.0
52425.0
52518.0
52611.0
52704.0
52814.0
54310.0
54403.0
54496.0
54620.0
54714.0
54809.0
54902.0
54980.0
55121.0
55216.0
55309.0
55387.0
55528.0
55621.0
55685.0
55827.0
55920.0
56013.0
56107.0
56217.0
56327.0
56405.0
56498.0
56624.0
56718.0
56811.0
56921.0
57014.0
57109.0
57219.0
57329.0
57422.0
57515.0
57626.0
57719.0
57812.0
57905.0
58030.0
58123.0
58216.0
58326.0
58420.0
58483.0
58625.0
58717.0
58827.0
58920.0
59013.0
59106.0
59224.0
59293.0
59418.0
59511.0
59620.0
59683.0
59808.0
59900.0
60025.0
60117.0
60228.0
60323.0
60401.0
60525.0
60618.0
60712.0
60805.0
60930.0
61024.0
61117.0
61211.0
61304.0
61428.0
61506.0
61585.0
61725.0
61803.0
61929.0
62023.0
62116.0
62210.0
62304.0
62427.0
62521.0
62614.0
62691.0
62831.0
62923.0
63017.0
63109.0
63203.0
63328.0
63419.0
63514.0
63623.0
63701.0
63827.0
63890.0
64032.0
64126.0
64220.0
64314.0
64424.0
64519.0
64629.0
64708.0
64832.0
64896.0
65021.0
65115.0
65209.0
65286.0
65411.0
65504.0
65628.0
65722.0
65815.0
65925.0
66004.0
66127.0
66218.0
66312.0
66390.0
66528.0
66623.0
66716.0
66809.0
66888.0
67029.0
67123.0
67215.0
67309.0
67422.0
67511.0
67605.0
67729.0
67823.0
67916.0
68009.0
68088.0
68228.0
68306.0
68431.0
68525.0
68618.0
68712.0
68823.0
68915.0
69007.0
69132.0
69225.0
69319.0
69429.0
69506.0
69631.0
69723.0
69816.0
69896.0
70022.0
70115.0
70191.0
70332.0
70427.0
70522.0
70633.0
70727.0
70820.0
70930.0
71023.0
71115.0
71224.0
71316.0
71426.0
71519.0
71613.0
71722.0
71815.0
71925.0
72018.0
72111.0
72221.0
72389.0
72526.0
72619.0
72713.0
72824.0
72915.0
73008.0
73140.0
73228.0
73321.0
73430.0
73525.0
73588.0
73714.0
73824.0
73933.0
73996.0
74120.0
74213.0
74307.0
74431.0
74527.0
74619.0
74711.0
74804.0
74928.0
75021.0
75115.0
75207.0
75331.0
75425.0
75521.0
75612.0
75706.0
75828.0
75921.0
76014.0
76109.0
76234.0
76327.0
76421.0
76514.0
76623.0
76717.0
76827.0
76920.0
77013.0
77091.0
77231.0
77325.0
77418.0
77511.0
77636.0
77731.0
77825.0
77918.0
78012.0
78123.0
78216.0
78295.0
78436.0
78528.0
78624.0
78732.0
78825.0
78919.0
79012.0
79090.0
79232.0
79324.0
79417.0
79510.0
79636.0
79730.0
79824.0
79916.0
80027.0
80119.0
80213.0
80325.0
80435.0
80528.0
80621.0
80701.0
80826.0
80936.0
81014.0
81124.0
81235.0
81313.0
81406.0
81531.0
81627.0
81718.0
81828.0
81919.0
82013.0
82138.0
82231.0
82324.0
82417.0
82527.0
82619.0
82712.0
82838.0
82931.0
83024.0
83117.0
83211.0
83335.0
83429.0
83507.0
83632.0
83725.0
83818.0
83911.0
84036.0
84128.0
84206.0
84332.0
84411.0
84536.0
84629.0
84723.0
84816.0
84910.0
85039.0
85113.0
85237.0
85315.0
85408.0
85533.0
85627.0
85706.0
85831.0
85909.0
86035.0
86098.0
86239.0
86332.0
86427.0
86520.0
86631.0
86695.0
86821.0
86914.0
87041.0
87132.0
87225.0
87319.0
87413.0
87538.0
87631.0
87725.0
87819.0
87913.0
88036.0
88100.0
88226.0
88322.0
88411.0
88536.0
88613.0
88739.0
88817.0
88910.0
89034.0
89132.0
89222.0
89315.0
89426.0
89519.0
89613.0
89738.0
89831.0
89924.0
90035.0
90128.0
90222.0
90314.0
90439.0
90534.0
90628.0
90709.0
90832.0
90910.0
91036.0
91130.0
91223.0
91317.0
91395.0
91537.0
91615.0
91693.0
91834.0
91927.0
92019.0
92113.0
92238.0
92316.0
92427.0
92519.0
92615.0
92725.0
92836.0
92929.0
93007.0
93131.0
93224.0
93319.0
93412.0
93523.0
93617.0
93728.0
93822.0
93932.0
94010.0
94140.0
94215.0
94338.0
94432.0
94525.0
94619.0
94729.0
94807.0
94933.0
95029.0
95121.0
95214.0
95338.0
95416.0
95542.0
95641.0
95729.0
95824.0
95916.0
96041.0
96134.0
96228.0
96323.0
96432.0
96525.0
96618.0
96696.0
96837.0
96930.0
97040.0
97134.0
97226.0
97336.0
97428.0
97521.0
97615.0
97739.0
97832.0
97942.0
98037.0
98115.0
98241.0
98320.0
98412.0
98536.0
98630.0
98723.0
98816.0
98926.0
99019.0
99096.0
99234.0
99327.0
99438.0
99532.0
99626.0
99721.0
99814.0
99939.0
100032.0
100125.0
100219.0
100296.0
100437.0
100530.0
100624.0
100718.0
100796.0
100936.0
101029.0
101123.0
101200.0
101325.0
101419.0
101513.0
101637.0
101701.0
101841.0
101935.0
102029.0
102122.0
102215.0
102345.0
102435.0
102526.0
102621.0
102714.0
102826.0
102921.0
103012.0
103136.0
103230.0
103324.0
103418.0
103545.0
103637.0
103732.0
103825.0
103919.0
103997.0
104136.0
104230.0
104322.0
104415.0
104538.0
104633.0
104725.0
104818.0
104942.0
105016.0
105136.0
105228.0
105319.0
105440.0
105531.0
105624.0
105716.0
105841.0
105905.0
106031.0
106121.0
106198.0
106337.0
106432.0
106509.0
106634.0
106727.0
106819.0
106897.0
107038.0
107118.0
107242.0
107321.0
107445.0
107539.0
107633.0
107727.0
107819.0
107944.0
108007.0
108131.0
108224.0
108319.0
108438.0
108520.0
108644.0
108739.0
108833.0
108926.0
109019.0
109144.0
109238.0
109331.0
109424.0
109502.0
109628.0
109706.0
109846.0
109940.0
110018.0
110141.0
110219.0
110345.0
110423.0
110517.0
110642.0
110736.0
110830.0
110923.0
111017.0
111139.0
111203.0
111328.0
111421.0
111499.0
111640.0
111733.0
111826.0
111934.0
112012.0
112139.0
112218.0
112343.0
112421.0
112545.0
112623.0
112760.0
112851.0
112932.0
113042.0
113119.0
113214.0
113340.0
113433.0
113525.0
113620.0
113744.0
113836.0
113929.0
114021.0
114146.0
114240.0
114333.0
114426.0
114534.0
114612.0
114738.0
114801.0
114941.0
115019.0
115145.0
115239.0
115333.0
115443.0
115537.0
115631.0
115740.0
115836.0
115930.0
116027.0
116146.0
116224.0
116301.0
116442.0
116519.0
116644.0
116737.0
116831.0
116954.0
117048.0
117142.0
117220.0
117331.0
117423.0
117548.0
117642.0
117721.0
117845.0
117939.0
118033.0
118126.0
118218.0
118343.0
118432.0
118544.0
118623.0
118747.0
118840.0
118934.0
119027.0
119120.0
119245.0
119324.0
119402.0
119541.0
119635.0
119728.0
119836.0
119929.0
120021.0
120146.0
120225.0
120303.0
120444.0
120538.0
120632.0
120725.0
120850.0
120944.0
121037.0
121116.0
121240.0
121333.0
121426.0
121520.0
121647.0
121726.0
121803.0
121944.0
122037.0
122130.0
122224.0
122348.0
122441.0
122534.0
122628.0
122707.0
122832.0
122926.0
123036.0
123130.0
123223.0
123348.0
123441.0
123504.0
123645.0
123724.0
123849.0
123941.0
124019.0
124144.0
124222.0
124346.0
124440.0
124534.0
124643.0
124736.0
124830.0
124939.0
125017.0
125143.0
125237.0
125330.0
125439.0
125531.0
125623.0
125749.0
125842.0
125905.0
126015.0
126140.0
126232.0
126342.0
126405.0
126530.0
126639.0
126749.0
126843.0
126907.0
127049.0
127142.0
127205.0
127330.0
127424.0
127534.0
127644.0
127722.0
127845.0
127938.0
128032.0
128125.0
128250.0
128343.0
128421.0
128547.0
128640.0
128719.0
128843.0
128936.0
129030.0
129123.0
129248.0
129343.0
129434.0
129512.0
129639.0
129732.0
129810.0
129950.0
130045.0
130138.0
130231.0
130324.0
130449.0
130543.0
130637.0
130730.0
130808.0
130935.0
131028.0
131122.0
131245.0
131324.0
131449.0
131541.0
131651.0
131743.0
131837.0
131931.0
132023.0
132147.0
132226.0
132350.0
132445.0
132536.0
132630.0
132708.0
132848.0
132942.0
133036.0
133129.0
133223.0
133347.0
133425.0
133551.0
133629.0
133707.0
133847.0
133941.0
134019.0
134143.0
134237.0
134330.0
134440.0
134532.0
134626.0
134752.0
134846.0
134939.0
135017.0
135143.0
135236.0
135329.0
135455.0
135549.0
135643.0
135720.0
135845.0
135937.0
136030.0
136155.0
136233.0
136326.0
136452.0
136530.0
136640.0
136734.0
136826.0
136952.0
137046.0
137123.0
137247.0
137324.0
137450.0
137543.0
137654.0
137748.0
137842.0
137935.0
138028.0
138139.0
138232.0
138342.0
138451.0
138545.0
138639.0
138732.0
138825.0
138949.0
139043.0
139138.0
139231.0
139308.0
139448.0
139539.0
139634.0
139727.0
139853.0
139947.0
140041.0
140135.0
140228.0
140352.0
140445.0
140522.0
140648.0
140742.0
140819.0
140946.0
141023.0
141149.0
141227.0
141351.0
141445.0
141537.0
141629.0
141755.0
141849.0
141943.0
142036.0
142130.0
142239.0
142332.0
142442.0
142534.0
142629.0
142753.0
143252.0
143330.0
143455.0
143534.0