0.00
0.00
0.00
0.00
0.00
0.00
0.00
0.00
0.00
0.00
0.00
0.00
0.00
0.00
0.00
0.00
0.00
0.00
0.00
0.00
0.00
0.00
0.00
0.00
0.00
0.00
0.00
0.00
0.00
0.00
0.00
0.00
0.00
0.00
0.00
0.00
0.00
0.00
0.00
0.00
0.00
0.00
0.00
0.00
0.00
0.00
0.00
0.00
0.00
0.00
0.00
0.00
0.00
0.00
0.00
0.00
0.00
0.00
0.00
0.00
0.00
0.00
0.00
0.00
0.00
0.00
0.00
0.00
0.00
0.00
0.00
0.00
0.00
0.00
0.00
0.00
0.00
0.00
0.00
0.00
0.00
0.00
0.01
0.00
0.00
0.00
0.00
0.01
0.01
0.01
0.00
0.00
0.00
0.00
0.15
0.41
0.63
0.91
1.11
1.22
1.29
1.30
1.28
1.24
1.19
1.30
1.26
1.04
0.90
0.77
0.65
0.82
0.90
0.84
0.71
0.57
0.55
0.60
0.70
0.86
1.09
1.28
1.27
1.38
1.79
2.10
1.99
1.78
1.65
1.61
1.40
1.39
1.81
2.12
2.00
1.87
1.77
1.68
1.44
1.51
1.84
2.12
2.01
1.92
1.88
1.77
1.64
2.03
2.30
2.12
2.02
1.97
1.79
1.65
1.93
2.21
2.14
2.03
1.97
1.87
1.95
2.38
2.50
2.38
2.29
2.10
1.86
2.02
2.17
2.05
1.98
1.96
1.91
2.05
2.47
2.57
2.42
2.30
1.99
1.83
2.01
2.20
2.18
2.12
2.00
1.83
2.03
2.29
2.24
2.11
2.02
1.93
1.86
2.26
2.61
2.52
2.42
2.24
2.10
2.40
2.47
2.30
2.19
2.04
1.80
2.06
2.37
2.30
2.25
2.17
1.98
2.19
2.56
2.47
2.38
2.27
1.99
2.15
2.48
2.38
2.33
2.28
2.10
2.27
2.57
2.54
2.44
2.33
2.00
2.13
2.30
2.25
2.19
2.15
2.05
2.24
2.60
2.67
2.62
2.52
2.21
2.36
2.50
2.37
2.28
2.16
2.01
2.35
2.61
2.54
2.47
2.29
2.08
2.28
2.38
2.31
2.24
2.14
2.08
2.46
2.61
2.49
2.40
2.18
2.17
2.41
2.46
2.39
2.33
2.15
2.23
2.52
2.53
2.43
2.35
2.09
2.26
2.44
2.37
2.29
2.23
2.06
2.32
2.68
2.59
2.53
2.39
2.14
2.39
2.54
2.44
2.35
2.20
2.15
2.47
2.51
2.35
2.27
2.11
2.11
2.38
2.49
2.39
2.32
2.18
2.32
2.60
2.67
2.58
2.47
2.15
2.33
2.52
2.46
2.40
2.36
2.34
2.74
2.81
2.75
2.64
2.34
2.52
2.63
2.51
2.43
2.30
2.45
2.75
2.69
2.60
2.48
2.22
2.39
2.46
2.32
2.25
2.23
2.24
2.65
2.75
2.65
2.57
2.31
2.55
2.76
2.61
2.51
2.34
2.49
2.88
2.80
2.70
2.54
2.40
2.67
2.72
2.63
2.52
2.26
2.49
2.68
2.59
2.58
2.50
2.65
2.91
2.82
2.76
2.60
2.83
3.10
2.96
2.90
2.60
2.74
2.92
2.81
2.71
2.48
2.72
2.86
2.70
2.62
2.37
2.46
2.69
2.70
2.67
2.64
2.71
3.13
3.00
2.92
2.72
2.89
3.17
3.09
3.01
2.75
3.09
3.10
3.07
2.94
2.97
3.24
3.18
3.09
2.85
3.11
3.10
3.07
2.91
3.00
3.33
3.33
3.28
3.10
3.41
3.27
3.17
2.84
3.12
3.28
3.24
3.13
3.29
3.43
3.37
3.22
3.23
3.47
3.38
3.24
3.18
3.46
3.35
3.27
3.05
3.36
3.41
3.37
3.12
3.48
3.44
3.41
3.15
3.45
3.55
3.49
3.15
3.28
3.26
3.24
3.07
3.23
3.49
3.43
3.23
3.23
3.41
3.36
3.25
3.24
3.55
3.48
3.36
3.21
3.55
3.49
3.42
3.25
3.67
3.63
3.48
3.43
3.64
3.54
3.40
3.30
3.56
3.48
3.33
3.30
3.63
3.59
3.45
3.39
3.59
3.48
3.28
3.30
3.62
3.62
3.51
3.53
3.72
3.64
3.34
3.45
3.52
3.50
3.28
3.50
3.64
3.60
3.32
3.55
3.65
3.64
3.62
4.51
4.59
4.53
4.86
4.66
4.37
4.54
4.30
4.03
4.25
4.15
4.04
4.28
4.41
4.39
4.53
4.71
4.68
4.74
4.87
4.73
4.80
4.81
4.71
4.98
4.98
4.76
4.93
4.87
4.78
5.19
5.08
5.15
5.24
5.17
5.59
5.51
5.34
5.45
5.30
5.47
5.52
5.21
5.48
5.41
5.12
5.48
5.36
5.44
5.53
5.26
5.66
5.52
5.31
5.48
5.27
5.42
5.57
5.38
5.11
4.99
5.34
5.44
5.29
5.53
5.35
5.64
5.86
5.70
5.79
5.61
5.32
5.63
5.44
5.08
5.09
5.26
5.62
5.52
5.96
5.83
5.51
5.75
5.58
5.97
5.82
5.52
5.65
5.46
5.75
5.52
5.24
5.04
5.16
5.43
5.41
5.39
5.34
5.31
5.28
5.21
5.22
5.18
5.16
5.14
5.09
5.07
5.07
5.03
5.04
5.02
5.00
5.00
4.95
4.85
4.48
4.17
3.95
4.03
4.44
4.45
4.68
5.56
5.42
5.53
5.48
5.25
5.03
4.98
4.67
4.44
4.50
4.22
3.98
3.91
3.72
3.37
3.70
3.57
3.49
3.81
4.14
4.20
4.36
4.88
4.98
5.19
5.54
5.47
5.75
5.72
5.40
5.72
5.50
5.24
5.61
5.36
4.96
5.16
4.91
4.52
4.22
3.90
3.47
3.22
3.01
2.90
3.19
3.58
3.58
3.52
4.00
4.50
4.37
4.56
4.80
4.60
4.65
5.02
4.71
4.72
4.91
4.67
4.74
4.75
4.50
4.46
4.62
4.38
4.49
4.66
4.41
4.47
4.73
4.58
4.75
5.01
4.77
4.85
4.94
4.77
4.86
4.77
4.69
5.05
4.96
4.91
5.32
5.11
5.28
5.36
5.18
5.45
5.27
5.00
5.48
5.27
4.96
5.32
5.10
5.16
5.10
4.81
5.19
5.00
4.61
4.93
4.81
4.88
5.07
4.90
5.27
5.21
5.02
5.56
5.39
5.44
5.57
5.35
5.56
5.45
5.47
5.47
5.23
4.95
5.10
4.87
5.23
5.07
4.74
4.97
4.90
5.06
4.88
4.67
4.32
4.00
3.76
3.36
3.13
2.68
2.47
2.17
1.62
1.46
1.17
1.12
1.15
1.70
2.75
3.69
4.17
4.57
5.59
5.67
5.80
5.79
5.80
5.75
5.75
5.72
5.58
5.65
5.62
5.62
5.57
5.56
5.53
5.50
5.49
5.44
5.44
5.41
5.37
5.37
5.33
5.36
5.29
5.24
5.24
5.21
5.18
5.18
5.11
5.05
4.72
4.27
4.02
3.64
3.46
3.80
3.67
3.31
3.60
3.76
3.71
3.61
4.27
4.76
4.75
5.31
5.26
5.01
5.52
5.29
5.18
5.61
5.35
4.95
5.26
5.06
4.94
4.91
4.64
5.25
5.13
4.73
5.30
5.13
4.75
5.27
5.18
4.90
5.10
4.86
5.38
5.53
5.27
5.75
5.65
5.44
5.61
5.32
5.45
5.50
5.31
5.00
4.63
4.37
4.07
3.95
3.97
3.92
3.87
3.85
3.86
3.84
3.79
3.79
3.79
3.75
3.71
3.71
3.72
3.67
3.65
3.67
3.65
3.59
3.59
3.60
3.57
3.52
3.53
3.54
3.50
3.46
3.49
3.48
3.70
3.95
4.11
4.27
4.43
4.56
4.72
5.00
5.04
5.05
5.30
5.56
6.06
6.12
6.10
6.28
6.50
6.67
6.66
6.63
6.67
6.91
6.93
6.89
6.89
6.92
7.04
7.01
6.99
6.97
7.15
6.78
7.08
6.82
7.23
7.24
7.22
7.21
7.23
7.32
7.28
7.27
7.22
7.43
7.42
7.39
7.36
7.55
7.37
7.49
7.49
7.67
7.67
7.62
7.61
7.82
7.81
7.79
7.75
7.93
7.89
7.88
7.82
8.03
8.01
7.99
8.03
8.05
8.05
7.97
8.05
8.06
8.06
8.06
8.06
8.06
8.06
8.06
8.06
7.89
8.04
8.06
8.06
8.06
7.94
8.04
8.06
8.06
8.06
8.06
8.06
8.06
8.06
8.06
8.06
8.06
8.06
8.06
8.06
7.97
8.05
8.06
8.03
7.99
7.84
7.89
7.86
7.82