0.00
0.00
0.00
0.00
0.00
0.00
0.00
0.00
0.00
0.00
0.00
1.07
1.07
1.07
1.07
1.07
2.14
2.14
1.07
2.14
1.07
2.14
1.07
2.14
2.14
2.14
2.14
2.14
2.14
2.14
2.14
2.14
2.14
2.14
3.20
2.14
2.14
2.14
2.14
2.14
2.14
3.20
3.20
3.20
4.27
3.20
3.20
3.20
4.27
3.20
3.20
4.27
3.20
5.34
4.27
5.34
4.27
5.34
6.41
6.41
7.48
6.41
7.48
6.41
7.48
5.34
6.41
4.27
6.41
5.34
4.27
4.27
4.27
5.34
4.27
5.34
5.34
5.34
5.34
5.34
4.27
3.20
7.48
8.55
7.48
4.27
4.27
5.34
5.34
5.34
6.41
5.34
4.27
5.34
6.41
8.55
9.61
10.68
9.61
10.68
11.75
9.61
12.82
10.68
10.68