0.0
0.0
0.0
0.0
0.0
0.0
0.0
0.0
0.0
0.0
0.0
0.0
0.0
0.0
0.0
0.0
0.0
0.0
0.0
0.0
0.0
0.0
0.0
0.0
0.0
0.0
0.0
0.0
0.0
0.0
0.0
0.0
0.0
0.0
0.0
0.0
0.0
0.0
0.0
0.0
0.0
0.0
0.0
0.0
0.0
0.0
0.0
0.0
0.0
0.0
0.0
0.0
0.0
0.0
0.0
0.0
0.0
0.0
0.0
0.0
0.0
0.0
0.0
0.0
0.0
0.0
0.0
0.0
0.0
0.0
0.0
0.0
0.0
0.0
0.0
0.0
0.0
0.0
0.0
0.0
0.0
0.0
0.0
0.0
0.0
0.0
0.0
0.0
0.0
0.0
0.0
0.0
0.0
0.0
0.0
0.0
0.0
0.0
0.0
0.0
0.0
0.10700000000000001
0.21400000000000002
0.32100000000000006
0.42800000000000005
0.535
0.6420000000000001
0.7490000000000001
0.8560000000000001
0.9630000000000001
1.07
1.07
1.07
1.07
1.07
1.07
1.07
1.07
1.07
1.07
1.07
1.07
1.07
1.07
1.07
1.07
1.07
1.07
1.07
1.07
1.07
1.07
1.07
1.07
1.07
1.07
1.07
1.07
1.07
1.07
1.07
1.07
1.07
1.07
1.07
1.07
1.07
1.07
1.07
1.07
1.07
1.177
1.284
1.391
1.4980000000000002
1.605
1.7120000000000002
1.8190000000000002
1.9260000000000002
2.0330000000000004
2.14
2.14
2.14
2.14
2.14
2.14
2.14
2.14
2.14
2.14
2.14
2.033
1.9260000000000002
1.819
1.7120000000000002
1.605
1.498
1.391
1.284
1.177
1.07
1.177
1.284
1.391
1.4980000000000002
1.605
1.7120000000000002
1.8190000000000002
1.9260000000000002
2.0330000000000004
2.14
2.033
1.9260000000000002
1.819
1.7120000000000002
1.605
1.498
1.391
1.284
1.177
1.07
1.177
1.284
1.391
1.4980000000000002
1.605
1.7120000000000002
1.8190000000000002
1.9260000000000002
2.0330000000000004
2.14
2.033
1.9260000000000002
1.819
1.7120000000000002
1.605
1.498
1.391
1.284
1.177
1.07
1.177
1.284
1.391
1.4980000000000002
1.605
1.7120000000000002
1.8190000000000002
1.9260000000000002
2.0330000000000004
2.14
2.14
2.14
2.14
2.14
2.14
2.14
2.14
2.14
2.14
2.14
2.14
2.14
2.14
2.14
2.14
2.14
2.14
2.14
2.14
2.14
2.14
2.14
2.14
2.14
2.14
2.14
2.14
2.14
2.14
2.14
2.14
2.14
2.14
2.14
2.14
2.14
2.14
2.14
2.14
2.14
2.14
2.14
2.14
2.14
2.14
2.14
2.14
2.14
2.14
2.14
2.14
2.14
2.14
2.14
2.14
2.14
2.14
2.14
2.14
2.14
2.14
2.14
2.14
2.14
2.14
2.14
2.14
2.14
2.14
2.14
2.14
2.14
2.14
2.14
2.14
2.14
2.14
2.14
2.14
2.14
2.14
2.14
2.14
2.14
2.14
2.14
2.14
2.14
2.14
2.14
2.14
2.14
2.14
2.14
2.14
2.14
2.14
2.14
2.14
2.14
2.246
2.3520000000000003
2.458
2.564
2.67
2.7760000000000002
2.882
2.9880000000000004
3.0940000000000003
3.2
3.0940000000000003
2.988
2.882
2.7760000000000002
2.67
2.564
2.458
2.3520000000000003
2.246
2.14
2.14
2.14
2.14
2.14
2.14
2.14
2.14
2.14
2.14
2.14
2.14
2.14
2.14
2.14
2.14
2.14
2.14
2.14
2.14
2.14
2.14
2.14
2.14
2.14
2.14
2.14
2.14
2.14
2.14
2.14
2.14
2.14
2.14
2.14
2.14
2.14
2.14
2.14
2.14
2.14
2.14
2.14
2.14
2.14
2.14
2.14
2.14
2.14
2.14
2.14
2.246
2.3520000000000003
2.458
2.564
2.67
2.7760000000000002
2.882
2.9880000000000004
3.0940000000000003
3.2
3.2
3.2
3.2
3.2
3.2
3.2
3.2
3.2
3.2
3.2
3.2
3.2
3.2
3.2
3.2
3.2
3.2
3.2
3.2
3.2
3.307
3.414
3.521
3.628
3.735
3.8419999999999996
3.949
4.056
4.162999999999999
4.27
4.162999999999999
4.056
3.949
3.8419999999999996
3.735
3.628
3.521
3.414
3.307
3.2
3.2
3.2
3.2
3.2
3.2
3.2
3.2
3.2
3.2
3.2
3.2
3.2
3.2
3.2
3.2
3.2
3.2
3.2
3.2
3.2
3.307
3.414
3.521
3.628
3.735
3.8419999999999996
3.949
4.056
4.162999999999999
4.27
4.162999999999999
4.056
3.949
3.8419999999999996
3.735
3.628
3.521
3.414
3.307
3.2
3.2
3.2
3.2
3.2
3.2
3.2
3.2
3.2
3.2
3.2
3.307
3.414
3.521
3.628
3.735
3.8419999999999996
3.949
4.056
4.162999999999999
4.27
4.162999999999999
4.056
3.949
3.8419999999999996
3.735
3.628
3.521
3.414
3.307
3.2
3.414
3.628
3.842
4.056
4.27
4.484
4.698
4.912
5.1259999999999994
5.34
5.233
5.1259999999999994
5.019
4.912
4.805
4.6979999999999995
4.590999999999999
4.484
4.377
4.27
4.377
4.484
4.590999999999999
4.6979999999999995
4.805
4.912
5.019
5.1259999999999994
5.233
5.34
5.233
5.1259999999999994
5.019
4.912
4.805
4.6979999999999995
4.590999999999999
4.484
4.377
4.27
4.377
4.484
4.590999999999999
4.6979999999999995
4.805
4.912
5.019
5.1259999999999994
5.233
5.34
5.447
5.554
5.661
5.768
5.875
5.982
6.089
6.196
6.303
6.41
6.41
6.41
6.41
6.41
6.41
6.41
6.41
6.41
6.41
6.41
6.517
6.6240000000000006
6.731
6.838
6.945
7.0520000000000005
7.159000000000001
7.266
7.373
7.48
7.373
7.266
7.159000000000001
7.0520000000000005
6.945
6.838
6.731
6.6240000000000006
6.517
6.41
6.517
6.6240000000000006
6.731
6.838
6.945
7.0520000000000005
7.159000000000001
7.266
7.373
7.48
7.373
7.266
7.159000000000001
7.0520000000000005
6.945
6.838
6.731
6.6240000000000006
6.517
6.41
6.517
6.6240000000000006
6.731
6.838
6.945
7.0520000000000005
7.159000000000001
7.266
7.373
7.48
7.266
7.0520000000000005
6.838
6.6240000000000006
6.41
6.196
5.982
5.768
5.554
5.34
5.447
5.554
5.661
5.768
5.875
5.982
6.089
6.196
6.303
6.41
6.196
5.982
5.768
5.554
5.34
5.1259999999999994
4.912
4.6979999999999995
4.484
4.27
4.484
4.6979999999999995
4.912
5.1259999999999994
5.34
5.554
5.768
5.982
6.196
6.41
6.303
6.196
6.089
5.982
5.875
5.768
5.661
5.554
5.447
5.34
5.233
5.1259999999999994
5.019
4.912
4.805
4.6979999999999995
4.590999999999999
4.484
4.377
4.27
4.27
4.27
4.27
4.27
4.27
4.27
4.27
4.27
4.27
4.27
4.27
4.27
4.27
4.27
4.27
4.27
4.27
4.27
4.27
4.27
4.377
4.484
4.590999999999999
4.6979999999999995
4.805
4.912
5.019
5.1259999999999994
5.233
5.34
5.233
5.1259999999999994
5.019
4.912
4.805
4.6979999999999995
4.590999999999999
4.484
4.377
4.27
4.377
4.484
4.590999999999999
4.6979999999999995
4.805
4.912
5.019
5.1259999999999994
5.233
5.34
5.34
5.34
5.34
5.34
5.34
5.34
5.34
5.34
5.34
5.34
5.34
5.34
5.34
5.34
5.34
5.34
5.34
5.34
5.34
5.34
5.34
5.34
5.34
5.34
5.34
5.34
5.34
5.34
5.34
5.34
5.34
5.34
5.34
5.34
5.34
5.34
5.34
5.34
5.34
5.34
5.233
5.1259999999999994
5.019
4.912
4.805
4.6979999999999995
4.590999999999999
4.484
4.377
4.27
4.162999999999999
4.056
3.949
3.8419999999999996
3.735
3.628
3.521
3.414
3.307
3.2
3.628
4.056
4.484
4.912000000000001
5.34
5.768000000000001
6.196000000000001
6.6240000000000006
7.0520000000000005
7.48
7.587000000000001
7.694000000000001
7.801
7.908
8.015
8.122
8.229000000000001
8.336
8.443000000000001
8.55
8.443000000000001
8.336
8.229000000000001
8.122
8.015
7.908
7.801
7.694000000000001
7.587000000000001
7.48
7.159000000000001
6.838
6.517
6.196
5.875
5.554
5.2330000000000005
4.912
4.590999999999999
4.27
4.27
4.27
4.27
4.27
4.27
4.27
4.27
4.27
4.27
4.27
4.377
4.484
4.590999999999999
4.6979999999999995
4.805
4.912
5.019
5.1259999999999994
5.233
5.34
5.34
5.34
5.34
5.34
5.34
5.34
5.34
5.34
5.34
5.34
5.34
5.34
5.34
5.34
5.34
5.34
5.34
5.34
5.34
5.34
5.447
5.554
5.661
5.768
5.875
5.982
6.089
6.196
6.303
6.41
6.303
6.196
6.089
5.982
5.875
5.768
5.661
5.554
5.447
5.34
5.233
5.1259999999999994
5.019
4.912
4.805
4.6979999999999995
4.590999999999999
4.484
4.377
4.27
4.377
4.484
4.590999999999999
4.6979999999999995
4.805
4.912
5.019
5.1259999999999994
5.233
5.34
5.447
5.554
5.661
5.768
5.875
5.982
6.089
6.196
6.303
6.41
6.6240000000000006
6.838
7.0520000000000005
7.266
7.48
7.694000000000001
7.908
8.122
8.336
8.55
8.656
8.762
8.868
8.974
9.08
9.186
9.292
9.398
9.504
9.61
9.716999999999999
9.824
9.931
10.038
10.145
10.251999999999999
10.359
10.466
10.573
10.68
10.573
10.466
10.359
10.251999999999999
10.145
10.038
9.931
9.824
9.716999999999999
9.61
9.716999999999999
9.824
9.931
10.038
10.145
10.251999999999999
10.359
10.466
10.573
10.68
10.786999999999999
10.894
11.001
11.108
11.215
11.322
11.429
11.536
11.643
11.75
11.536
11.322
11.108
10.894
10.68
10.466
10.251999999999999
10.038
9.824
9.61
9.931
10.251999999999999
10.573
10.894
11.215
11.536
11.857
12.178
12.499
12.82
12.606
12.392
12.178
11.964
11.75
11.536
11.322
11.108
10.894
10.68
10.68
10.68
10.68
10.68
10.68
10.68
10.68
10.68
10.68
10.68
10.68
10.68
10.68
10.68
10.68
10.68
10.68
10.68
10.68