0
1001
2012
2996
4013
4988
5985
7002
7988
9031
10001
11012
12030
13021
14011
15011
16033
17032
18012
19031
20016
21009
22033
23035
24011
25033
26046
27025
28045
29049
30048
31041
32032
33042
34042
35060
36048
37059
38062
39065
40033
41074
42047
43047
44075
45056
46076
47058
48059
49079
50074
51082
52088
53077
54073
55089
56073
57056
58065
59056
60078
61085
62061
63091
64103
65104
66090
67092
68090
69100
70089
71079
72094
73087
74108
75108
76112
77108
78110
79108
80088
81111
82089
83108
84119
85157
86088
87127
88116
89135
90109
91106
92119
93134
94123
95135
96125
97136
98133
99105
100140
101124
102139
103119
104155
