0
4
202
212
419
423
617
622
837
845
1063
1078
1341
1344
1346
1549
1553
1744
1754
1944
1952
2154
2169
2355
2362
2591
2609
2881
2882
2885
3075
3079
3283
3287
3480
3488
3690
3698
3890
3894
4114
4129
4397
4400
4400
4629
4629
4924
4924
4924
5119
5123
5319
5328
5529
5531
5738
5755
5960
5963
6255
6260
6260
6459
6460
6677
6677
6972
6976
6977
7164
7173
7403
7404
7677
7677
7677
7897
7897
8089
8093
8300
8310
8494
8506
8715
8715
8911
8911
9123
9129
9345
9354
9641
9646
9646
9932
9944
9944
10159
10165
10461
10480
10488
10743
10756
10756
10960
10968
11189
11193
11478
11486
11486
11677
11679
11878
11888
12056
12292
12296
12296
12493
12506
12702
12711
12905
12910
13112
13131
13328
13328
13636
13645
13645
13933
13942
14162
14176
14179
14461
14462
14782
14796
14804
15055
15059
15059
15276
15296
15500
15514
15666
15672
15888
15894
16193
16195
16195
16392
16395
16609
16609
16910
16911
16911
17099
17124
17329
17341
17510
17523
17754
17768
18042
18046
18046
18342
18348
18348
18577
18579
18871
18871
18877
19162
19167
19176
19462
19473
19475
19692
19701
19983
19994
19994
20282
20288
20288
20500
20503
20798
20802
20802
21005
21011
21311
21311
21326
21615
21615
21623
21812
21812
22042
22047
22338
22351
22351
22658
22673
22674
22953
22961
22961
23255
23255
23264
23463
23463
23719
23756
23977
23977
23985
24285
24286
24286
24481
24481
24699
24700
25004
25025
25025
25308
25308
25308
25608
25626
25626
25815
25816
26024
26041
26235
26239
26526
26536
26544
26841
26861
26861
27036
27041
27256
27257
27458
27461
27702
27734
27959
27967
27967
28192
28194
28491
28500
28503
28779
28791
28791
29191
29200
29200
29204
29399
29406
29602
29609
29830
29833
30109
30119
30119
30330
30330
30518
30544
30758
30780
31035
31041
31241
31249
31249
31463
31664
31668
31959
31966
31967
32164
32172
32386
32387
32675
32680
32680
32869
32893
33076
33090
33309
33340
33592
33601
33603
33803
33809
33992
34007
34203
34213
34414
34420
34627
34644
34932
34942
34943
35125
35137
35319
35326
35523
35531
35740
35748
35959
35970
36258
36258
36266
36447
36476
36669
36673
36885
36885
37194
37214
37214
37489
37492
37492
37689
37695
37894
37895
38107
38110
38313
38322
38642
38658
38663
38908
38916
38918
39111
39123
39324
39327
39526
39540
39744
39748
39953
39966
40251
40257
40257
40452
40462
40642
40657
40883
40895
41167
41178
41178
41389
41393
41691
41699
41700
41874
41885
42106
42153
42399
42408
42410
42597
42597
42817
42821
43020
43024
43219
43227
43412
43422
43618
43623
43842
43845
44024
44034
44251
44257
44568
44581
44581
44885
44891
44901
45175
45193
45207
45467
45493
45493
45672
45684
45893
45905
46198
46198
46202
46499
46521
46522
46702
46716
46924
46924
47215
47223
47223
47431
47439
47739
47739
47739
48055
48055
48055
48357
48357
48357
48649
48649
48899
48922
49177
49181
49181
49472
49476
49476
49672
49685
49914
49919
50178
50178
50178
50384
50397
50600
50605
50818
50821
51099
51104
51106
51311
51317
51521
51523
51720
51734
51930
51937
52145
52148
52339
52339
52546
52551
52839
52861
52862
53074
53075
53369
53390
53391
53663
53670
53671
53869
53873
54070
54072
54288
54295
54471
54483
54688
54696
54889
54897
55111
55119
55416
55423
55423
55724
55728
55728
56029
56034
56035
56326
56336
56339
56522
56530
56727
56735
56934
56951
57147
57165
57360
57364
57554
57559
57764
57786
57961
57973
58170
58179
58388
58390
58573
58573
58777
58787
59004
59004
59306
59321
59321
59490
59497
59712
59723
60020
60024
60024
60238
60248
60525
60528
60528
60732
60746
60955
60955
61237
61237
61248
61443
61446
61656
61672
61957
61966
61966
62175
62179
62484
62489
62491
62676
62686
62894
62897
63195
63200
63200
63493
63498
63499
63707
63711
64013
64022
64022
64321
64335
64338
64624
64630
64632
64829
64834
65033
65041
65242
65253
65447
65448
65641
65646
65854
65862
66054
66269
66276
66579
66580
66582
66874
66876
66877
67079
67086
67283
67297
67525
67527
67837
67839
67841
68107
68113
68114
68311
68316
68504
68521
68719
68738
68936
68938
69236
69238
69240
69546
69551
69552
69843
69852
69853
70061
70066
70358
70366
70368
70666
70668
70671
70875
70880
71093
71097
71401
71416
71441
71689
71691
71693
71930
71947
72207
72216
72218
72513
72515
72517
72703
72708
72924
72931
73238
73256
73260
73418
73427
73624
73631
73844
73849
74053
74063
74248
74256
74448
74458
74672
74678
74963
74972
74974
75170
75176
75477
75483
75484
75749
75760
76016
76022
76024
76311
76327
76331
76611
76616
76617
76815
76829
77120
77125
77127
77308
77316
77537
77543
77847
77856
77857
78139
78155
78155
78333
78336
78548
78551
78742
78752
78958
78959
79169
79173
79367
79373
79572
79595
79768
79775
79973
79981
80200
80201
80494
80496
80496
80723
80723
81018
81018
81018
81323
81323
81323
81619
81623
81624
81833
81834
82134
82139
82139
82334
82343
82544
82563
82738
82748
83001
83268
83272
83280
83282
83568
83577
83877
83878
83883
84076
84089
84267
84279
84488
84496
84703
84712
84884
84894
85100
85107
85301
85316
85525
85529
85817
85836
85836
86019
86033
86230
86236
86440
86440
86635
86645
86851
86851
87046
87053
87251
87262
87483
87485
87764
87767
87768
87994
88001
88291
88311
88313
88568
88574
88574
88816
88818
89128
89141
89155
89386
89410
89410
89651
89661
89916
89926
89926
90234
90245
90245
90549
90549
90549
90839
90850
90850
91146
91151
91151
91348
91352
91559
91561
91758
91773
91958
91965
92168
92173
92378
92390
92678
92679
92679
92882
92885
93105
93105
93396
93400
93400
93598
93600
93800
93806
94011
94017
94217
94228
94429
94436
94723
94733
94733
94932
94944
95139
95143
95348
95362
95549
95566
95883
95900
95920
96213
96228
96237
96469
96483
96483
96667
96677
96877
96885
97083
97093
97277
97293
97500
97510
97804
97809
97813
98109
98113
98113
98317
98317
98518
98522
98712
98716
98938
98951
99239
99249
99249
99438
99440
99662
99667
99965
99970
99970
100259
100263
100458
100467
100661
100665
100900
100903
101184
101184
101198
101484
101493
101497
101685
101698
101915
101915
102214
102216
102218
102441
102448
102716
102722
102722
102925
102934
103228
103232
103232
103432
103440
103644
103648
103850
103856
104062
104066
104279
104285
104466
104474
104690
104694
104698
104904
104909
105150
105154
105360
105368
105600
105605
105609
105820
105824
106028
106032
106240
106246
106512
106516
106518
106740
106747
106963
106970
107220
107228
107450
107455
107703
107705
107708
107930
107934