0.0
467.0
960.0
1382.0
1815.0
2299.0
2805.0
3216.0
3728.0
4233.0
4750.0
5482.0
6099.0
6714.0
7211.0
7695.0
8121.0
8638.0
9071.0
9670.0
10189.0
10677.0
11236.0
11746.0
12226.0
12722.0
13159.0
13592.0
14055.0
14680.0
15037.0
15494.0
16113.0
16832.0
17446.0
17991.0
18483.0
19061.0
19608.0
20119.0
20626.0
22455.0
22981.0
23616.0
24114.0
24638.0
25332.0
25857.0
26358.0
26877.0
27368.0
27883.0
28291.0
28825.0
29328.0
29851.0
30237.0
30775.0
31282.0
31682.0
32097.0
32617.0
33120.0
33615.0
34047.0
34560.0
34964.0
35476.0
35820.0
36200.0
36544.0
37003.0
37424.0
37768.0
38136.0
38564.0
39050.0
39563.0
39966.0
40308.0
40807.0
41831.0
42336.0
42947.0
43447.0
43980.0
44386.0
44980.0
45404.0
45906.0
46337.0
46862.0
47345.0
47850.0
48259.0
48998.0
49426.0
49908.0
50413.0
50953.0
51453.0
51969.0
52481.0
52896.0
53394.0
53905.0
54327.0
54845.0
55345.0
55845.0
56470.0
56999.0
57491.0
58089.0
58728.0
59216.0
59750.0
60163.0
60727.0
61264.0
61694.0
62183.0
62698.0
63232.0
63743.0
64145.0
64776.0
65262.0
65765.0
66294.0
66783.0
67215.0
67742.0
68244.0
68659.0
69067.0
69577.0
70389.0
70806.0
71427.0
71911.0
72528.0
73055.0
73460.0
74077.0
74574.0
75104.0
75610.0
76137.0
76533.0
76929.0
77646.0
77993.0
78487.0
78974.0
79342.0
79644.0
80008.0
80413.0
80837.0
81243.0
81618.0
82064.0
82574.0
83198.0
83607.0
84025.0
84356.0
84826.0
85164.0
85545.0
85954.0
86307.0
86763.0
87190.0
87581.0
88001.0
88502.0
89025.0
89639.0
90001.0
90468.0
90994.0
91485.0
91990.0
92524.0
93024.0
93439.0
93840.0
94340.0
94873.0
95364.0
95784.0
96284.0
96807.0
97311.0
97739.0
98152.0
98561.0
99074.0
99562.0
100005.0
100388.0
100923.0
101529.0
102028.0
102531.0
103047.0
103579.0
104098.0
104590.0
105022.0
105524.0
106031.0
106450.0
107072.0
108688.0
109391.0
109921.0
110337.0
110838.0
111359.0
111783.0
112386.0
112869.0
113488.0
114012.0
114642.0
115136.0
115638.0
116165.0
116704.0
117287.0
117808.0
118323.0
118703.0
119121.0
119655.0
120145.0
120653.0
121178.0
121670.0
122191.0
122627.0
123228.0
123585.0
124063.0
124452.0
124968.0
125457.0
125993.0
126505.0
127006.0
127435.0
127952.0
128296.0
128753.0
129184.0
129588.0
129926.0
130400.0
130920.0
131327.0
132254.0
132737.0
133276.0
133775.0
134285.0
134890.0
135313.0
135826.0
136220.0
136763.0
137267.0
137668.0
138181.0
138701.0
139107.0
139601.0
140022.0
140510.0
141056.0
141551.0
142074.0
142483.0
143100.0
143502.0
144033.0
144450.0
144948.0
145333.0
145862.0
146366.0
146999.0
147505.0
148015.0
148417.0
148805.0
149215.0
149654.0
150183.0
150766.0
151273.0
151914.0
152515.0
153017.0
153547.0
153958.0
154481.0
155081.0
155483.0
155894.0
156395.0
156907.0
157421.0
157831.0
158342.0
158852.0
159365.0
159900.0
160385.0
160915.0
161531.0
161918.0
162436.0
162946.0
163459.0
163998.0
164498.0
164906.0
165301.0
165712.0
166249.0
166756.0
167379.0
167993.0
168481.0
169015.0
169518.0
170029.0
170525.0
171129.0
171662.0
172168.0
172695.0
173097.0
173730.0
174200.0
174622.0
175145.0
175646.0
176180.0
176692.0
177088.0
177517.0
178012.0
178421.0
178822.0
179331.0
179883.0
180361.0
180879.0
181396.0
181911.0
182422.0
182845.0
183178.0
183631.0
184162.0
184677.0
185081.0
185579.0
185999.0
186523.0
186917.0
187327.0
187761.0
188377.0
188863.0
189286.0
189692.0
190026.0
190482.0
190831.0
191180.0
191615.0
192052.0
192378.0
192967.0
193371.0
194005.0
194486.0
194999.0
195526.0
196027.0
196656.0
197161.0
197672.0
198193.0
198809.0
199316.0
199991.0
200434.0
201063.0
201468.0
202393.0
202986.0
203626.0
204225.0
204743.0
205358.0
205970.0
206478.0
206986.0
207360.0
207809.0
208310.0
208934.0
209449.0
210052.0
210654.0
211092.0
211591.0
212110.0
212627.0
213140.0
213753.0
214353.0
214974.0
215493.0
216008.0
216425.0
216936.0
217424.0
217946.0
218459.0
218985.0
219601.0
220090.0
220609.0
221129.0
221645.0
222262.0
222872.0
223557.0
224198.0
224699.0
225221.0
225835.0
226566.0
227146.0
227574.0
227988.0
228393.0
228792.0
229223.0
229542.0
230045.0
230461.0
230838.0
231190.0
231679.0
232187.0
232520.0
232999.0
233360.0
233808.0
234239.0
234639.0
235154.0
235772.0
236505.0
237206.0
238024.0
238653.0
239027.0
239461.0
239971.0
240377.0
240806.0
241189.0
241590.0
242116.0
242604.0
243136.0
243754.0
244356.0
244789.0
245404.0
246004.0
246618.0
247243.0
247848.0
248352.0
248976.0
249383.0
249902.0
250402.0
250906.0
251442.0
251932.0
252468.0
252954.0
253992.0
254515.0
254923.0
255518.0
256031.0
256539.0
257179.0
257568.0
257968.0
258503.0
259113.0
259537.0
259935.0
260467.0
260985.0
261676.0
262267.0
262791.0
263325.0
263801.0
264335.0
264866.0
265385.0
265868.0
266369.0
267101.0
267907.0
268435.0
268927.0
269661.0
270183.0
270600.0
271083.0
271606.0
272106.0
272442.0
272924.0
273437.0
273962.0
274481.0
275086.0
275498.0
276007.0
276522.0
277036.0
277369.0
277751.0
278281.0
278774.0
279294.0
279633.0
280093.0
280633.0
281017.0
281383.0
281755.0
282150.0
282681.0
283191.0
284000.0
284512.0
285030.0
285632.0
286149.0
286759.0
287284.0
287797.0
288281.0
288818.0
289317.0
289923.0
290446.0
291266.0
291767.0
292309.0
292803.0
293313.0
295557.0
296196.0
297002.0
298146.0
298619.0
299251.0
299755.0
300395.0
300983.0
301483.0
302109.0
302732.0
303255.0
303768.0
304277.0
304793.0
305296.0
305818.0
306335.0
306830.0
307434.0
308133.0
308684.0
309324.0
309789.0
310326.0
310951.0
312178.0
312657.0
313170.0
313711.0
314224.0
314713.0
315860.0
316350.0
316877.0
317794.0
318711.0
319560.0
319960.0
320307.0
320748.0
321262.0
321883.0
322475.0
322910.0
323425.0
323843.0
324177.0
324643.0
325254.0
325619.0
326091.0
326427.0
326899.0
327310.0
327669.0
328132.0
328630.0
329143.0
329526.0
329965.0
330609.0
331110.0
331715.0
332740.0
333347.0
333880.0
334293.0
334976.0
335510.0
336010.0
336629.0
337129.0
337661.0
338156.0
338577.0
339090.0
339492.0
339998.0
340508.0
341140.0
341751.0
342373.0
342878.0
343377.0
343915.0
344407.0
344831.0
345344.0
345829.0
346356.0
346962.0
347474.0
347989.0
348524.0
349007.0
349427.0
349942.0
350463.0
350964.0
351489.0
351993.0
352412.0
353021.0
353538.0
354043.0
354437.0
355046.0
355663.0
356164.0
356685.0
357211.0
357750.0
358155.0
358638.0
359170.0
359673.0
360172.0
360707.0
361193.0
361645.0
362125.0
362839.0
363364.0
363871.0
364700.0
365022.0
365352.0
365814.0
366212.0
366565.0
367036.0
367548.0
367893.0
368371.0
368771.0
369114.0
369590.0
370004.0
370383.0
370827.0
371159.0
371658.0
372065.0
372674.0
373011.0
373492.0
374526.0
375555.0
376152.0
376584.0
377081.0
377596.0
378220.0
378710.0
379154.0
379635.0
380269.0
380769.0
381269.0
382607.0
385359.0
386918.0
387512.0
388069.0
388684.0
389152.0
389664.0
390195.0
390685.0
391117.0
391629.0
392236.0
392736.0
393298.0
393755.0
394270.0
394907.0
395533.0
396011.0
396535.0
397061.0
397468.0
397955.0
398484.0
398877.0
399418.0
399797.0
400305.0
400839.0
401340.0
401867.0
402489.0
403086.0
403586.0
404005.0
404536.0
405167.0
405739.0
406272.0
406788.0
407400.0
407785.0
408199.0
408623.0
408954.0
409440.0
409773.0
410273.0
410627.0
411100.0
411600.0
412201.0
412559.0
413031.0
413384.0
413849.0
414366.0
414682.0
415183.0
415530.0
415998.0
416501.0
417027.0
417359.0
417833.0
418347.0
418754.0
419162.0
419665.0
420282.0
420795.0
421301.0
421823.0
422242.0
422746.0
423256.0
423964.0
424491.0
425008.0
425620.0
426245.0
426833.0
427367.0
427963.0
428482.0
429100.0
429608.0
430122.0
430610.0
431154.0
431759.0
432281.0
432797.0
433276.0
433913.0
434529.0
435049.0
435639.0
436259.0
436781.0
437402.0
437903.0
438415.0
439029.0
439527.0
439912.0
440367.0
440890.0
441396.0
441890.0
442416.0
442911.0
443345.0
443843.0
444344.0
444880.0
445378.0
445777.0
446199.0
446645.0
447108.0
447617.0
448233.0
448772.0
449278.0
449780.0
450307.0
450809.0
451225.0
451729.0
452251.0
452843.0
453276.0
453771.0
454277.0
454802.0
455413.0
456012.0
456442.0
456959.0
457459.0
457976.0
458392.0
458909.0
459498.0
460026.0
460524.0
461057.0
461546.0
461966.0
462467.0
462899.0
463291.0
463659.0
464138.0
464492.0
464936.0
465455.0
465845.0
466290.0
466642.0
467003.0
467407.0
467737.0
468230.0
468565.0
469075.0
469522.0
469909.0
470374.0
470724.0
471066.0
471480.0
471991.0
472362.0
472935.0
473453.0
474139.0
474679.0
475064.0
475590.0
476190.0
476597.0
477014.0
477536.0
477957.0
478552.0
478970.0
479497.0
480008.0
480592.0
481121.0
481723.0
482232.0
482757.0
483278.0
483789.0
484290.0
484906.0
485439.0
485942.0
486438.0
486839.0
487361.0
487876.0
488396.0
488986.0
489399.0
489940.0
490427.0
490955.0
491375.0
491878.0
492387.0
492877.0
493522.0
494235.0
494835.0
495359.0
495846.0
496377.0
496906.0
497329.0
497824.0
498328.0
498736.0
499235.0
499751.0
500284.0
500784.0
501286.0
501785.0
502323.0
502802.0
503426.0
503968.0
504462.0
504893.0
505497.0
506114.0
506718.0
507320.0
507935.0
508362.0
508869.0
509284.0
509797.0
510297.0
510668.0
511105.0
511630.0
512054.0
512457.0
512873.0
513218.0
513667.0
514306.0
514655.0
515118.0
515725.0
516133.0
516551.0
516943.0
517385.0
517708.0
518185.0
518538.0
519017.0
519401.0
519917.0
520425.0
520851.0
521357.0
521756.0
522300.0
522780.0
523219.0
523805.0
524318.0
524850.0
525361.0
525875.0
526289.0
526763.0
527410.0
527900.0
528413.0
528923.0
529438.0
530015.0
530485.0
531001.0
531492.0
532823.0
533339.0
533861.0
534366.0
535082.0
535582.0
536015.0
536513.0
536934.0
537433.0
537854.0
538254.0
538648.0
539082.0
539563.0
540002.0
540520.0
541119.0
541646.0
542237.0
543497.0
543887.0
544413.0
544814.0
545318.0
545718.0
546228.0
546764.0
547374.0
547790.0
548380.0
548795.0
549202.0
549647.0
550113.0
550839.0
551269.0
551762.0
552287.0
552807.0
553296.0
553730.0
554113.0
554531.0
555140.0
555663.0
555996.0
556370.0
556744.0
557094.0
557512.0
557859.0
558246.0
558747.0
559132.0
559511.0
559953.0
560288.0
560771.0
561210.0
561593.0
561931.0
562281.0
562616.0
563161.0
563536.0
564077.0
564568.0
564978.0
565502.0
566010.0
566382.0
566818.0
567339.0
567732.0
568247.0
568888.0
569394.0
569897.0
570318.0
570807.0
571445.0
571943.0
572467.0
572957.0
573481.0
573903.0
574283.0
574812.0
575347.0
575825.0
576363.0
576761.0
577176.0
577565.0
578100.0
578429.0
578997.0
579531.0
580045.0
580649.0
581162.0
581557.0
582083.0
582599.0
583118.0
583634.0
584125.0
584543.0
585056.0
585565.0
586097.0
586498.0
586895.0
587419.0
587931.0
588435.0
588963.0
589475.0
589981.0
590487.0
590898.0
591402.0
591911.0
592442.0
592942.0
593450.0
594079.0
594481.0
594875.0
595304.0
595721.0
596131.0
596735.0
597229.0
597669.0
598058.0
598483.0
598818.0
599275.0
599797.0
600157.0
600620.0
601015.0
601448.0
601789.0
602117.0
602563.0
602974.0
603408.0
603907.0
604240.0
604706.0
605113.0
605637.0
606147.0
606547.0
606957.0
607305.0
607775.0
608168.0
608596.0
609126.0
609528.0
610040.0
610445.0
610948.0
611480.0
611997.0
612382.0
612909.0
613328.0
613834.0
614341.0
614732.0
615260.0
615783.0
616201.0
616687.0
617106.0
617739.0
618116.0
618630.0
619041.0
619570.0
620061.0
620595.0
621101.0
621521.0
622020.0
622438.0
622955.0
623456.0
623978.0
624375.0
624770.0
625189.0
625623.0
626105.0
626653.0
627047.0
627459.0
627870.0
628271.0
628788.0
629302.0
629704.0
630338.0
630813.0
631348.0
631852.0
632249.0
632670.0
633079.0
633486.0
634000.0
634418.0
634925.0
635320.0
635832.0
636343.0
636763.0
637386.0
637879.0
638392.0
638915.0
639431.0
640034.0
640563.0
640953.0
641387.0
641771.0
642300.0
642634.0
643003.0
643365.0
643690.0
644157.0
644561.0
644943.0
645285.0
645685.0
646085.0
646584.0
647018.0
647352.0
647720.0
648142.0
648635.0
648986.0
649450.0
649860.0
650280.0
650611.0
650998.0
651418.0
651833.0
652317.0
652669.0
653151.0
653651.0
654286.0
654800.0
655299.0
655693.0
656234.0
656745.0
657249.0
657855.0
658284.0
658784.0
659316.0
659904.0
660429.0
661015.0
661466.0
661948.0
662482.0
662967.0
663388.0
663800.0
664331.0
664934.0
665436.0
665966.0
666552.0
666981.0
667502.0
667894.0
668315.0
668814.0
669225.0
669931.0
670350.0
670851.0
671487.0
671890.0
672378.0
672913.0
673438.0
673937.0
674448.0
674964.0
675382.0
675789.0
676199.0
676577.0
676998.0
677418.0
677948.0
678329.0
678840.0
679380.0
679764.0
680297.0
680682.0
681214.0
681753.0
682231.0
682642.0
683163.0
683564.0
684085.0
684596.0
685108.0
685519.0
685901.0
686315.0
686736.0
687245.0
687767.0
688183.0
688513.0
689089.0
689601.0
689999.0
690413.0
690840.0
691346.0
691679.0
692063.0
692479.0
692880.0
693408.0
693745.0
694211.0
694629.0
695146.0
695656.0
696165.0
696680.0
697193.0
697682.0
698116.0
698525.0
699029.0
699543.0
699951.0
700455.0
700879.0
701278.0
701695.0
702211.0
702617.0
703029.0
703521.0
704031.0
704561.0
705068.0
705562.0
705978.0
706383.0
706898.0
707324.0
707733.0
708231.0
708657.0
709161.0
709566.0
710085.0
710482.0
710904.0
711413.0
711926.0
712439.0
712836.0
713246.0
713782.0
714194.0
714691.0
715196.0
715728.0
716329.0
716831.0
717349.0
717867.0
718293.0
718696.0
719078.0
719621.0
720209.0
720734.0
721259.0
721759.0
722177.0
