2539.0
2539.0
2733.0
2734.0
2942.0
2956.0
3165.0
3166.0
3458.0
3458.0
3459.0
3722.0
3723.0
3987.0
3987.0
3988.0
4293.0
4294.0
4295.0
4586.0
4586.0
4587.0
4780.0
4781.0
4990.0
4990.0
5267.0
5268.0
5518.0
5518.0
5519.0
5727.0
5728.0
6075.0
6076.0
6076.0
6353.0
6354.0
6354.0
6659.0
6660.0
6660.0
6661.0
6966.0
6967.0
6967.0
7259.0
7259.0
7260.0
7440.0
7467.0
7649.0
7649.0
7858.0
7858.0
8178.0
8179.0
8179.0
8484.0
8485.0
8486.0
8693.0
8694.0
8986.0
8986.0
8987.0
9195.0
9209.0
9403.0
9404.0
9626.0
9627.0
9835.0
9836.0
10141.0
10142.0
10142.0
10434.0
10435.0
10435.0
10740.0
10741.0
10741.0
10742.0
11047.0
11047.0
11048.0
11339.0
11353.0
11354.0
11548.0
11548.0
11743.0
11757.0
11965.0
11966.0
12272.0
12273.0
12273.0
12467.0
12468.0
12690.0
12690.0
12996.0
12997.0
12997.0
13330.0
13344.0
13345.0
13595.0
13609.0
13609.0
13817.0
13832.0
14138.0
14138.0
14139.0
14416.0
14417.0
14417.0
14611.0
14612.0
14819.0
14833.0
15029.0
15030.0
15237.0
15238.0
15238.0
15460.0
15461.0
15780.0
15781.0
15782.0
16045.0
16046.0
16046.0
16254.0
16254.0
16505.0
16505.0
16783.0
16783.0
16784.0
17103.0
17104.0
17104.0
17396.0
17396.0
17397.0
17577.0
17577.0
17800.0
17800.0
18009.0
18009.0
18329.0
18329.0
18330.0
18621.0
18622.0
18623.0
18816.0
18817.0
19025.0
19025.0
19220.0
19220.0
54628.0
54629.0
54629.0
54630.0
54630.0
54866.0
54867.0
54867.0
55069.0
55083.0
55266.0
55326.0
57271.0
57272.0
57272.0
57273.0
57274.0
57418.0
57418.0
57623.0
57623.0
57831.0
57832.0
58027.0
58041.0
58041.0
58236.0
58236.0
58459.0
58459.0
58764.0
58778.0
58779.0
59071.0
59071.0
59072.0
59404.0
59405.0
59405.0
59669.0
59683.0
59684.0
59878.0
59879.0
60088.0
60089.0
60269.0
60270.0
60492.0
60493.0
60687.0
60688.0
60896.0
60910.0
61119.0
61134.0
61439.0
61440.0
61440.0
61745.0
61746.0
61746.0
62037.0
62038.0
62038.0
62330.0
62330.0
62331.0
62332.0
62553.0
62553.0
62844.0
62859.0
62859.0
63150.0
63150.0
63151.0
63359.0
63360.0
63554.0
63555.0
63791.0
63818.0
64097.0
64111.0
64112.0
64387.0
64415.0
64416.0
64723.0
64738.0
64738.0
65210.0
65211.0
65212.0
65405.0
65406.0
65407.0
65407.0
65614.0
65614.0
65851.0
65851.0
66241.0
66255.0
66255.0
66547.0
66548.0
66549.0
66549.0
66550.0
66895.0
66910.0
66910.0
67188.0
67202.0
67203.0
67466.0
67480.0
67481.0
67772.0
67787.0
67787.0
68121.0
68123.0
68123.0
68386.0
68413.0
68413.0
68706.0
68707.0
68707.0
69011.0
69012.0
69012.0
69194.0
69194.0
69415.0
69416.0
69708.0
69709.0
69709.0
69931.0
69945.0
70224.0
70224.0
70225.0
70446.0
70447.0
70739.0
70739.0
70740.0
71073.0
71074.0
71074.0
71100.0
71463.0
71464.0
71464.0
71465.0
71769.0
71797.0
71798.0
71992.0
71992.0
72284.0
72285.0
72285.0
72576.0
72577.0
72578.0
72785.0
72786.0
72994.0
72995.0
73203.0
73204.0
73510.0
73524.0
73525.0
73817.0
73844.0
73845.0
74137.0
74137.0
74139.0
74429.0
74430.0
74431.0
74736.0
74736.0
74763.0
75349.0
75349.0
75568.0
75569.0
75569.0
75570.0
75570.0
75571.0
75863.0
75863.0
75864.0
76071.0
76072.0
76266.0
76267.0
76461.0
76489.0
76670.0
76671.0
76893.0
76893.0
77186.0
77186.0
77200.0
77394.0
77409.0
77728.0
77729.0
77729.0
78007.0
78008.0
78008.0
78216.0
78217.0
78536.0
78537.0
78537.0
78829.0
78857.0
78857.0
79024.0
79025.0
79233.0
79233.0
79442.0
79443.0
79650.0
79650.0
79651.0
79845.0
79846.0
80053.0
80053.0
80248.0
80263.0
80472.0
80472.0
80694.0
80695.0
80987.0
81001.0
81002.0
81280.0
81280.0
81281.0
81488.0
81489.0
81683.0
81684.0
81892.0
81892.0
82101.0
82101.0
82296.0
82297.0
82519.0
82519.0
82811.0
82812.0
82812.0
83020.0
83021.0
83229.0
83230.0
83493.0
83494.0
83730.0
83731.0
83731.0
83939.0
83940.0
83940.0
84162.0
84162.0
84454.0
84455.0
84455.0
84649.0
84649.0
84872.0
84873.0
85067.0
85109.0
85262.0
85276.0
85485.0
85485.0
85791.0
85791.0
85792.0
86111.0
86112.0
86113.0
86417.0
86418.0
86418.0
86723.0
86738.0
86738.0
87030.0
87031.0
87031.0
87336.0
87350.0
87351.0
87614.0
87629.0
87630.0
87837.0
87851.0
88158.0
88158.0
88159.0
88352.0
88353.0
88354.0
88688.0
88689.0
88690.0
89050.0
89051.0
89052.0
89259.0
89273.0
89274.0
89468.0
89483.0
89691.0
89692.0
89872.0
89873.0
90095.0
90095.0
90290.0
90290.0
90499.0
90513.0
90805.0
90806.0
90806.0
91000.0
91001.0
91209.0
91209.0
91418.0
91418.0
91738.0
91739.0
91739.0
92044.0
92059.0
92059.0
92365.0
92365.0
92366.0
92810.0
92811.0
92811.0
92812.0
92977.0
92978.0
92978.0
93200.0
93201.0
93367.0
93368.0
93590.0
93590.0
93799.0
93799.0
94258.0
94259.0
94300.0
94301.0
94301.0
94592.0
94593.0
94593.0
94801.0
94802.0
94996.0
94997.0
95470.0
95470.0
95471.0
95471.0
95637.0
95651.0
95985.0
95985.0
95986.0
96152.0
96152.0
96444.0
96445.0
96445.0
96765.0
96765.0
96766.0
97057.0
97071.0
97072.0
97072.0
97363.0
97364.0
97365.0
97670.0
97670.0
97671.0
97879.0
97879.0
98087.0
98088.0
98380.0
98380.0
98381.0
98589.0
98589.0
98784.0
98784.0
98992.0
98993.0
99201.0
99202.0
99396.0
99410.0
99633.0
99633.0
99911.0
99925.0
99926.0
100120.0
100121.0
100329.0
100330.0
100549.0
100550.0
100856.0
100857.0
100858.0
101164.0
101178.0
101179.0
101179.0
101470.0
101471.0
101471.0
101749.0
101749.0
101750.0
101958.0
101958.0
102180.0
102194.0
102472.0
102500.0
102501.0
102682.0
102682.0
102890.0
102891.0
103099.0
103100.0
103294.0
103295.0
103503.0
103504.0
103726.0
103727.0
104018.0
104060.0
104061.0
104325.0
104326.0
104326.0
104520.0
104521.0
104730.0
104743.0
104936.0
104937.0
105145.0
105146.0
105661.0
105661.0
105662.0
105815.0
105816.0
105816.0
105817.0
105953.0
105954.0
106162.0
106163.0
106371.0
106372.0
106594.0
106594.0
106914.0
106928.0
106929.0
107192.0
107207.0
107207.0
107513.0
107513.0
107514.0
107819.0
107820.0
107820.0
108139.0
108140.0
108141.0
108487.0
108488.0
108501.0
108724.0
108725.0
108726.0
108933.0
108933.0
109253.0
109254.0
109254.0
109448.0
109449.0
109768.0
109769.0
109769.0
110061.0
110061.0
110062.0
110062.0
110256.0
110256.0
110465.0
110465.0
110673.0
110674.0
110882.0
110883.0
111078.0
111092.0
111287.0
111301.0
111496.0
111496.0
111705.0
111719.0
112025.0
112026.0
112026.0
112331.0
112345.0
112359.0
112651.0
112652.0
112652.0
112916.0
112930.0
112931.0
113125.0
113125.0
113335.0
113348.0
113543.0
113543.0
113849.0
113863.0
113864.0
114169.0
114170.0
114170.0
114171.0
114462.0
114462.0
114463.0
114754.0
114754.0
114755.0
114977.0
114977.0
115172.0
115172.0
115352.0
115353.0
115575.0
115590.0
115785.0
115799.0
115993.0
115994.0
116188.0
116189.0
116397.0
116397.0
116717.0
116718.0
116718.0
116912.0
116913.0
117121.0
117122.0
117316.0
117344.0
117525.0
117526.0
117762.0
117762.0
118054.0
118054.0
118055.0
118360.0
118374.0
118375.0
118750.0
118751.0
118753.0
118754.0
118754.0
118972.0
118973.0
119181.0
119182.0
119488.0
119489.0
119489.0
119808.0
119809.0
119809.0
120114.0
120115.0
120115.0
120295.0
120310.0
120504.0
120505.0
120701.0
120701.0
120922.0
120923.0
121228.0
121229.0
121230.0
121534.0
121535.0
121536.0
121827.0
121828.0
121828.0
122036.0
122037.0
122259.0
122259.0
122551.0
122551.0
122552.0
122745.0
122746.0
122982.0
122983.0
122983.0
123260.0
123261.0
123262.0
123469.0
123470.0
123664.0
123665.0
123887.0
123887.0
124124.0
124125.0
124430.0
124431.0
124432.0
124736.0
124737.0
124739.0
125042.0
125057.0
125057.0
125307.0
125321.0
125322.0
125530.0
125530.0
125739.0
125740.0
125920.0
125920.0
126129.0
126129.0
126351.0
126352.0
126657.0
126671.0
126672.0
126949.0
126950.0
126951.0
127144.0
127520.0
127520.0
127521.0
127521.0
127575.0
127673.0
127812.0
127826.0
128119.0
128119.0
128120.0
128411.0
128412.0
128412.0
128718.0
128718.0
128719.0
129010.0
129011.0
129011.0
129303.0
129316.0
129317.0
129623.0
129637.0
129638.0
129957.0
129958.0
129959.0
130223.0
130236.0
130237.0
130431.0
130432.0
130627.0
130641.0
130835.0
130850.0
131044.0
131045.0
131267.0
131268.0
131601.0
131602.0
131603.0
131603.0
131852.0
131866.0
131867.0
132075.0
132075.0
132311.0
132312.0
132632.0
132632.0
132633.0
132910.0
132911.0
132912.0
133202.0
133203.0
133204.0
133411.0
133425.0
133732.0
133732.0
133733.0
134038.0
134039.0
134039.0
134219.0
134219.0
134413.0
134428.0
134622.0
134636.0
134831.0
134832.0
135054.0
135054.0
135346.0
135361.0
135361.0
135681.0
135681.0
135682.0
135695.0
136002.0
136003.0
136003.0
136293.0
136294.0
136295.0
136684.0
136684.0
136685.0
136685.0
137002.0
137016.0
137017.0
137294.0
137295.0
137295.0
137504.0
137504.0
137712.0
137727.0
138005.0
138006.0
138006.0
138213.0
138214.0
138409.0
138423.0
138618.0
138618.0
138826.0
138827.0
139032.0
139033.0
139244.0
139244.0
139439.0
139439.0
139634.0
139648.0
139843.0
139844.0
140052.0
140052.0
140247.0
140261.0
140262.0
140456.0
140470.0
140665.0
140665.0
140888.0
140888.0
141083.0
141083.0
141348.0
141348.0
141598.0
141599.0
141599.0
141793.0
141794.0
142002.0
142002.0
142225.0
142226.0
142545.0
142546.0
142546.0
142838.0
142838.0
142839.0
143019.0
143019.0
143241.0
143242.0
143436.0
143437.0
143645.0
143646.0
143854.0
143854.0
144063.0
144063.0
144383.0
144384.0
144384.0
144676.0
144676.0
144677.0
144677.0
144884.0
144898.0
145205.0
145205.0
145206.0
146154.0
146154.0
146155.0
146155.0