0.0
424.0
940.0
1456.0
2179.0
2636.0
3277.0
3868.0
4403.0
4946.0
5622.0
6228.0
6961.0
7881.0
8830.0
9387.0
10023.0
10606.0
11247.0
11686.0
12168.0
12885.0
13276.0
14509.0
15005.0
15427.0
15927.0
16460.0
16861.0
17356.0
17894.0
18296.0
18911.0
19310.0
19747.0
20387.0
21007.0
21540.0
21988.0
22509.0
22900.0
23418.0
23917.0
24338.0
24840.0
25254.0
25670.0
26193.0
26582.0
26981.0
27594.0
28049.0
28453.0
28983.0
29566.0
30271.0
30694.0
31099.0
31512.0
31923.0
32314.0
32838.0
33254.0
33659.0
34066.0
34797.0
35509.0
36129.0
36539.0
36976.0
37541.0
38178.0
38726.0
39289.0
39800.0
40396.0
40928.0
41645.0
42149.0
42690.0
43330.0
43745.0
44213.0
44789.0
45279.0
45748.0
46157.0
46665.0
47256.0
47974.0
48395.0
49131.0
49538.0
50082.0
50659.0
51159.0
51628.0
52095.0
52593.0
53155.0
53748.0
54462.0
54962.0
55585.0
55979.0
56507.0
57121.0
58038.0
58552.0
59051.0
59987.0
60886.0
61411.0
62019.0
62642.0
63146.0
63566.0
64272.0
65097.0
65594.0
66228.0
66624.0
67021.0
67440.0
68484.0
69398.0
69785.0
70207.0
70613.0
71046.0
71545.0
72050.0
72569.0
73183.0
73589.0
74214.0
74607.0
75204.0
76169.0
76653.0
77176.0
77701.0
78313.0
78795.0
79434.0
79944.0
80541.0
81079.0
81969.0
82376.0
82803.0
83206.0
83917.0
84967.0
85455.0
85879.0
86298.0
87307.0
87825.0
88443.0
89152.0
90172.0
91108.0
91819.0
92645.0
93550.0
94573.0
95097.0
95711.0
96225.0
96729.0
97237.0
97657.0
98464.0
99103.0
99511.0
100002.0
100533.0
100940.0
101640.0
102674.0
103277.0
103814.0
104313.0
105115.0
105640.0
106050.0
106535.0
106988.0
107597.0
108003.0
108395.0
108814.0
109236.0
109936.0
110670.0
111484.0
111813.0
112191.0
112594.0
113313.0
113733.0
114337.0
115354.0
115787.0
116281.0
116691.0
117815.0
118345.0
118951.0
119359.0
119993.0
120392.0
120889.0
121415.0
121836.0
122540.0
123256.0
123664.0
124073.0
124586.0
124995.0
125507.0
126132.0
126513.0
126932.0
127850.0
128390.0
128888.0
129400.0
129916.0
130836.0
131349.0
131755.0
132257.0
133599.0
134411.0
135024.0
135547.0
135962.0
136989.0
137505.0
138596.0
139113.0
139845.0
140761.0
141479.0
142010.0
142501.0
143091.0
143737.0
144659.0
145485.0
145869.0
146811.0
147224.0
147927.0
148350.0
148972.0
149875.0
150796.0
151220.0
151915.0
152630.0
153054.0
153793.0
154295.0
154990.0
155696.0
156132.0
156516.0
157156.0
158072.0
158584.0
159502.0
159928.0
160326.0
160817.0
161970.0
162373.0
163165.0
163821.0
164319.0
164913.0
165547.0
166176.0
167166.0
167907.0
168300.0
169203.0
170132.0
170756.0
171806.0
172212.0
172602.0
173233.0
173745.0
174665.0
175281.0
175994.0
176913.0
177919.0
178532.0
179173.0
179556.0
180090.0
181120.0
181634.0
182234.0
182956.0
183476.0
184090.0
184676.0
185505.0
186222.0
186654.0
187343.0
188095.0
188592.0
189308.0
189816.0
190239.0
190619.0
191347.0
191856.0
192267.0
192690.0
193485.0
194218.0
195245.0
195754.0
196371.0
197292.0
198314.0
199004.0
199646.0
200374.0
200877.0
201379.0
202113.0
202629.0
203428.0
203827.0
204353.0
204959.0
205797.0
206295.0
206805.0
207549.0
207939.0
208665.0
209585.0
210379.0
210799.0
211319.0
211740.0
212846.0
213543.0
214295.0
214988.0
215829.0
216642.0
217663.0
218494.0
218993.0
219414.0
219919.0
220412.0
220941.0
221457.0
222357.0
222897.0
223514.0
224510.0
225460.0
225851.0
226786.0
227705.0
228104.0
228626.0
229252.0
229965.0
230785.0
231601.0
232116.0
233018.0
233429.0
233739.0
234360.0
234899.0
235989.0
236728.0
237344.0
237725.0
238571.0
239070.0
240091.0
241110.0
241734.0
242232.0
242747.0
243354.0
243761.0
244809.0
245318.0
245835.0
246424.0
247066.0
247551.0
247980.0
248882.0
249521.0
250035.0
250437.0
250934.0
251674.0
252149.0
252682.0
253189.0
253928.0
254427.0
255056.0
255865.0
256875.0
257388.0
258225.0
259045.0
259962.0
261070.0
262116.0
262736.0
263439.0
264060.0
264465.0
264865.0
265395.0
265797.0
266287.0
267127.0
267932.0
268365.0
269283.0
270004.0
270711.0
271521.0
272361.0
272746.0
273252.0
273878.0
274504.0
275203.0
276140.0
276866.0
277564.0
278508.0
278996.0
279616.0
280122.0
280748.0
281259.0
282398.0
282897.0
283400.0
284429.0
285036.0
285564.0
285965.0
286696.0
287197.0
287718.0
288217.0
288732.0
289349.0
289948.0
290571.0
291611.0
292198.0
292844.0
293834.0
295496.0
296293.0
296924.0
297441.0
297937.0
298558.0
299490.0
300006.0
300824.0
301432.0
301950.0
302472.0
302879.0
303571.0
304093.0
305006.0
305625.0
306441.0
306955.0
307363.0
307986.0
308916.0
309425.0
309814.0
310539.0
311052.0
311576.0
312075.0
313093.0
313506.0
314113.0
314740.0
315348.0
315863.0
316397.0
317193.0
318237.0
318750.0
319842.0
320477.0
321094.0
321610.0
322096.0
322740.0
323228.0
323967.0
324452.0
325190.0
325781.0
326317.0
326833.0
327430.0
328265.0
329077.0
330002.0
330494.0
331231.0
331824.0
332356.0
332849.0
333473.0
334101.0
334999.0
336150.0
336864.0
337490.0
337983.0
338478.0
339127.0
339529.0
340234.0
341169.0
341770.0
342495.0
343205.0
343622.0
344336.0
345158.0
345872.0
346776.0
347294.0
347715.0
349237.0
350379.0
350870.0
351604.0
352434.0
352843.0
353746.0
354584.0
355091.0
355813.0
356718.0
357744.0
358260.0
358764.0
359401.0
359916.0
360405.0
360915.0
361342.0
361854.0
362262.0
362981.0
364013.0
364511.0
365548.0
366043.0
366450.0
366963.0
367494.0
368293.0
368800.0
369442.0
370139.0
370958.0
371351.0
371786.0
372176.0
372715.0
373844.0
374453.0
375172.0
375886.0
376497.0
377317.0
378131.0
378842.0
379552.0
380287.0
380697.0
381109.0
381502.0
381918.0
382308.0
383233.0
383981.0
384766.0
385190.0
385614.0
386610.0
387249.0
387622.0
388042.0
388479.0
388963.0
389794.0
390423.0
390936.0
391440.0
391944.0
392474.0
393067.0
393685.0
394414.0
395132.0
396037.0
396554.0
396971.0
397582.0
398196.0
398699.0
399329.0
400247.0
400761.0
401263.0
401770.0
402190.0
402602.0
403641.0
404147.0
404756.0
405147.0
405781.0
406289.0
406884.0
407618.0
408418.0
409273.0
409873.0
410478.0
410988.0
411512.0
412003.0
412411.0
413047.0
413574.0
414076.0
414693.0
415198.0
415818.0
416843.0
417656.0
418276.0
418693.0
419613.0
420109.0
420535.0
420934.0
421337.0
421747.0
422168.0
422574.0
422970.0
423596.0
424005.0
424633.0
425643.0
426344.0
426856.0
427577.0
427983.0
428713.0
429738.0
430771.0
431696.0
432098.0
432597.0
433518.0
434019.0
434452.0
434873.0
435453.0
436189.0
436885.0
437526.0
438142.0
438936.0
439657.0
440171.0
440685.0
441423.0
442211.0
442618.0
443546.0
444487.0
444986.0
445499.0
445917.0
446949.0
447956.0
448997.0
449509.0
450016.0
450403.0
451331.0
451857.0
452372.0
453289.0
453804.0
454319.0
455238.0
455651.0
456367.0
456882.0
459215.0
460155.0
461073.0
461463.0
461877.0
462419.0
462827.0
463524.0
464261.0
464669.0
465458.0
465889.0
466469.0
466911.0
467425.0
467834.0
468546.0
469350.0
469883.0
470370.0
471100.0
471617.0
472336.0
473340.0
473980.0
474570.0
475199.0
475720.0
476130.0
476625.0
477150.0
477651.0
478672.0
479599.0
480100.0
480646.0
481567.0
482182.0
482786.0
483376.0
484419.0
485443.0
485962.0
486468.0
486954.0
487567.0
488086.0
488632.0
489337.0
489954.0
490455.0
490966.0
491698.0
492517.0
493018.0
493534.0
494036.0
494968.0
495798.0
496300.0
496801.0
497518.0
498049.0
498429.0
499471.0
499875.0
500598.0
501012.0
501929.0
502329.0
502958.0
503575.0
503959.0
504690.0
505204.0
505623.0
506018.0
506930.0
507876.0
508593.0
509098.0
509609.0
510218.0
511155.0
512184.0
512871.0
513499.0
514116.0
514715.0
515243.0
516041.0
516764.0
517294.0
518088.0
518610.0
519458.0
519862.0
520361.0
520866.0
521903.0
522623.0
522983.0
523443.0
523827.0
524332.0
524757.0
525378.0
525981.0
526407.0
526894.0
528041.0
528557.0
529576.0
529980.0
530488.0
531219.0
532242.0
533163.0
533675.0
534069.0
534499.0
534892.0
535313.0
536228.0
536645.0
537573.0
537979.0
538399.0
539402.0
539829.0
540222.0
540628.0
541550.0
542075.0
542580.0
543109.0
543495.0
544130.0
544619.0
545123.0
546159.0
546576.0
547281.0
547787.0
548403.0
549342.0
549843.0
550375.0
550868.0
551482.0
552199.0
552616.0
553138.0
553648.0
554151.0
554666.0
555281.0
555782.0
556297.0
556805.0
557730.0
558323.0
558845.0
559581.0
560413.0
561023.0
561600.0
562747.0
563174.0
563778.0
564503.0
565002.0
565624.0
566106.0
566750.0
567784.0
568290.0
568906.0
569614.0
570345.0
571030.0
571872.0
572287.0
572680.0
573214.0
573603.0
574026.0
574408.0
574829.0
575764.0
576778.0
577721.0
578425.0
578848.0
579243.0
580276.0
580880.0
581686.0
582101.0
582533.0
583042.0
583547.0
584054.0
584554.0
585063.0
585699.0
586710.0
587221.0
587848.0
588759.0
589672.0
590301.0
591004.0
591531.0
592025.0
593167.0
593674.0
594071.0
594490.0
595403.0
596016.0
597069.0
597682.0
598163.0
598699.0
599201.0
599816.0
600344.0
600942.0
601854.0
602386.0
602912.0
603400.0
603900.0
604423.0
605222.0
605860.0
606481.0
606984.0
607605.0
608210.0
608817.0
609236.0
609848.0
610267.0
611294.0
611705.0
612638.0
612950.0
613735.0
614147.0
614580.0
614931.0
615482.0
616208.0
616597.0
616949.0
617322.0
617746.0
618260.0
618979.0
619589.0
620425.0
620925.0
621529.0
622043.0
622874.0
623467.0
624091.0
624485.0
625124.0
625631.0
626137.0
627053.0
627443.0
627992.0
628507.0
628991.0
629504.0
630149.0
630737.0
631267.0
631769.0
632192.0
633213.0
633721.0
634426.0
634934.0
635655.0
636064.0
636577.0
637081.0
637593.0
638115.0
638738.0
639545.0
640181.0
640597.0
641722.0
642219.0
643138.0
643653.0
644078.0
644582.0
645203.0
645814.0
646293.0
646722.0
647235.0
647659.0
648267.0
649298.0
649803.0
650726.0
651338.0
651745.0
652662.0
653392.0
653781.0
654215.0
655019.0
655429.0
656147.0
656857.0
657261.0
657790.0
658470.0
659001.0
660560.0
661658.0
662586.0
663150.0
664022.0
664759.0
665672.0
666473.0
667310.0
667815.0
668548.0
669140.0
669671.0
670177.0
670994.0
671496.0
672001.0
672738.0
673248.0
673973.0
674392.0
674881.0
675397.0
675902.0
676420.0
677229.0
677768.0
678354.0
678873.0
679269.0
680323.0
680913.0
681958.0
682363.0
683977.0
684810.0
685428.0
685943.0
686458.0
687068.0
687488.0
688291.0
688715.0
689099.0
689528.0
690050.0
690857.0
691468.0
692088.0
692497.0
693008.0
693713.0
694649.0
695036.0
695459.0
697101.0
697614.0
698131.0
699043.0
699461.0
699960.0
700597.0
701201.0
701818.0
702313.0
703152.0
703761.0
704255.0
704785.0
705203.0
705709.0
706712.0
707230.0
707750.0
708772.0
709273.0
709706.0
710089.0
710731.0
711243.0
712353.0
712776.0
713479.0
714008.0
714615.0
715015.0
715756.0
716339.0
717489.0
718494.0
718902.0
719439.0
719948.0
720341.0
720766.0
721264.0
721867.0
722498.0
723520.0
724444.0
724871.0
725586.0
725976.0
726400.0
726792.0
727835.0
728232.0
728941.0
729443.0
729859.0
730468.0
730888.0
731605.0
732104.0
732525.0
733053.0
733959.0
734364.0
734760.0
735291.0
735797.0
736435.0
736822.0
737853.0
738360.0
739001.0
739591.0
740022.0
741045.0
741630.0
742175.0
742674.0
743188.0
744113.0
745032.0
745743.0
746263.0
746750.0
747262.0
747891.0
748729.0
749230.0
749738.0
750251.0
751780.0
752910.0
753301.0
753848.0
754963.0
755476.0
756096.0
756591.0
757217.0
758230.0
758861.0
759471.0
759977.0
760997.0
761414.0
762137.0
762647.0
763665.0
764259.0
765009.0
765386.0
765822.0
766239.0
766955.0
767342.0
768178.0
769092.0
769927.0
770510.0
771247.0
771637.0
772473.0
773098.0
773508.0
774005.0
774616.0
775329.0
775769.0
776569.0
777278.0
778216.0
778620.0
779531.0
780143.0
780655.0
781170.0
781899.0
782818.0
783529.0
784046.0
784765.0
785272.0
786222.0
786716.0
787702.0
788246.0
788647.0
789679.0
790301.0
791004.0
791815.0
792234.0
792852.0
793461.0
794194.0
794577.0
795209.0
795920.0
796328.0
796717.0
797135.0
797557.0
798315.0
798779.0
799303.0
799910.0
800536.0
801041.0
801866.0
802676.0
803192.0
803991.0
804418.0
804929.0
805344.0
805753.0
806167.0
806869.0
807282.0
807918.0
808621.0
809623.0
810045.0
810764.0
811184.0
811591.0
812399.0
813207.0
814051.0
814771.0
815286.0
815669.0
816713.0
817223.0
817733.0
818556.0
819149.0
819872.0
820382.0
820916.0
821514.0
822209.0
822749.0
823670.0
824283.0
824993.0
825416.0
825917.0
826424.0
826925.0
827797.0
828379.0
828801.0
829302.0
829894.0
830723.0
831260.0
831841.0
832789.0
833377.0
833909.0
834409.0
835452.0
835953.0
836569.0
837066.0
837702.0
838325.0
838926.0
839439.0
839953.0
840579.0
841362.0
842212.0
842596.0
843448.0
844129.0
844963.0
845385.0
845766.0
846404.0
847113.0
847817.0
848245.0
848635.0
849382.0
850171.0
850604.0
851511.0
852342.0
853174.0
853781.0
854673.0
855300.0
855735.0
856756.0
857137.0
857760.0
858275.0
859000.0
859822.0
860334.0
861057.0
862051.0
862994.0
863803.0
864512.0
865034.0
865740.0
866272.0
866996.0
867792.0
868309.0
869220.0
869962.0
870471.0
871080.0
871698.0
872216.0
872916.0
873638.0
874153.0
874769.0
875798.0
876515.0
877434.0
878017.0
878776.0
879178.0
879565.0
880313.0
881002.0
881416.0
881836.0
882649.0
883670.0
884701.0
885411.0
885833.0
886842.0
887378.0
888177.0
888599.0
888999.0
889717.0
890433.0
891550.0
892283.0
893200.0
894113.0
894711.0
895658.0
896173.0
897281.0
897899.0
898322.0
898829.0
899345.0
899864.0
900375.0
901090.0
901682.0
902306.0
903036.0
